20
30
18
36
28
27
24
34
30
34
25
35
33
28
19
41
18
40
20
28
18
31
20
40
28
36
19
30
30
32
19
37
28
26
23
35
32
36
19
32
19
35
21
42
28
34
29
34
28
35
32
31
20
38
30
30
19
42
21
34
21
26
17
41
31
30
32
39
31
32
18
30
29
26
18
35
21
40
29
38
30
26
20
36
33
26
17
42
25
34
19
38
29
28
30
28
28
39
18
38
29
39
26
30
32
34
20
34
25
30
24
31
21
27
30
35
20
31
19
36
31
36
19
26
18
32
19
34
30
39
29
40
19
28
17
27
24
32
21
38
17
40
21
36
20
32
32
28
19
40
21
32
21
30
18
34
26
34
32
26
28
28
30
36
21
41
31
39
20
26
32
35
31
26
18
26
17
26
26
32
29
32
17
28
32
30
30
27
18
37
26
31
29
30
32
32
21
28
24
30
31
27
25
32
23
34